6358.20000
6398.00000
6401.80000
6404.40000
6406.80000
6408.80000
6410.40000
6412.00000
6414.00000
6415.60000
6417.20000
6418.80000
6421.20000
6422.80000
6424.40000
6426.00000
6427.60000
6429.60000
6431.60000
6433.80000
6437.20000
6442.60000
6445.60000
6448.40000
6450.80000
6453.20000
6455.60000
6458.00000
6460.80000
6464.60000
6471.20000
6477.00000
6479.60000
6481.20000
6482.40000
6483.60000
6484.80000
6486.00000
6487.20000
6488.40000
6489.60000
6490.80000
6491.60000
6492.80000
6494.40000
6495.20000
6496.00000
6497.20000
6498.00000
6499.20000
6500.40000
6502.20000
6505.00000
6507.60000
6509.20000
6510.80000
6512.40000
6513.60000
6514.80000
6516.40000
6518.00000
6519.20000
6520.40000
6522.80000
6526.20000
6548.00000
6553.80000
6557.40000
6559.80000
6562.40000
6564.60000
6566.00000
6567.60000
6569.00000
6571.20000
6573.20000
6575.20000
6576.80000
6578.40000
6580.40000
6582.00000
6583.20000
6584.40000
6586.00000
6587.20000
6588.40000
6589.80000
6591.00000
6592.20000
6593.80000
6595.40000
6596.60000
6597.80000
6599.00000
6601.40000
6604.20000
6606.20000
6608.20000
6610.20000
6612.60000
6615.00000
6616.60000
6618.20000
6619.40000
6620.60000
6621.80000
6623.40000
6625.00000
6626.60000
6627.80000
6629.00000
6631.80000
6636.40000
6638.60000
6640.40000
6642.80000
6645.60000
6648.00000
6649.60000
6651.20000
6653.20000
6654.80000
6656.00000
6657.20000
6658.80000
6660.00000
6661.20000
6662.40000
6664.00000
6665.60000
6667.60000
6670.00000
6671.60000
6673.20000
6674.80000
6676.40000
6678.00000
6679.60000
6680.40000
6681.20000
6681.80000
6682.40000
6683.00000
6683.60000
6684.20000
6684.80000
6685.40000
6686.20000
6686.80000
6687.40000
6688.20000
6689.00000
6689.80000
6690.60000
6691.40000
6692.20000
6693.00000
6694.60000
6696.20000
6697.80000
6699.60000
6702.00000
6703.80000
6705.00000
6706.80000
6708.60000
6710.40000
6711.60000
6713.40000
6715.20000
6716.60000
6718.40000
6720.80000
6722.40000
6724.00000
6726.20000
6728.00000
6729.40000
6730.60000
6731.80000
6733.00000
6734.20000
6735.40000
6736.60000
6737.80000
6739.00000
6740.20000
6741.80000
6743.40000
6745.20000
6747.00000
6748.80000
6750.20000
6751.40000
6752.60000
6753.80000
6755.00000
6756.20000
6757.40000
6758.60000
6759.80000
6761.00000
6762.20000
6763.40000
6764.60000
6765.80000
6767.00000
6768.20000
6769.40000
6770.60000
6771.80000
6773.00000
6774.60000
6775.80000
6776.80000
6778.00000
6779.20000
6780.40000
6782.00000
6783.60000
6785.60000
6787.80000
6789.60000
6791.20000
6792.40000
6794.40000
6796.40000
6798.80000
6800.60000
6802.20000
6803.40000
6805.00000
6806.60000
6807.80000
6808.60000
6809.40000
6810.20000
6811.40000
6812.20000
6813.00000
6814.20000
6815.40000
6817.40000
6820.80000
6824.40000
6826.40000
6828.00000
6830.00000
6831.80000
6834.80000
6847.80000
6857.60000
6862.80000
6867.40000
6920.80000
6923.60000
6926.00000
6928.40000
6930.60000
6933.00000
6935.00000
6937.00000
6939.40000
6942.20000
6945.80000
6948.80000
6951.00000
6952.60000
6953.80000
6955.00000
6956.20000
6957.40000
6958.60000
6959.80000
6961.00000
6962.20000
6963.40000
6964.60000
6965.80000
6967.00000
6968.60000
6971.00000
6973.00000
6974.60000
6976.20000
6977.40000
6978.60000
6979.80000
6981.00000
6982.20000
6983.00000
6983.80000
6984.60000
6985.40000
6986.20000
6987.40000
6988.60000
6989.40000
6990.60000
6991.80000
6993.00000
6994.20000
6995.40000
6996.60000
6997.80000
6999.00000
7000.20000
7001.40000
7002.60000
7004.20000
7005.80000
7007.80000
7009.60000
7011.40000
7012.60000
7013.80000
7015.00000
7016.20000
7017.40000
7018.20000
7019.00000
7020.20000
7021.00000
7022.20000
7023.00000
7024.20000
7025.40000
7026.60000
7028.60000
7032.80000
7042.20000
7046.00000
7048.00000
7051.20000
7053.60000
7057.20000
7112.20000
7114.40000
7116.00000
7118.00000
7120.00000
7121.80000
7124.60000
7127.80000
7131.80000
7136.80000
7144.40000
7147.20000
7148.80000
7150.00000
7151.20000
7152.00000
7152.80000
7153.60000
7154.40000
7155.20000
7156.40000
7157.60000
7158.60000
7159.40000
7160.60000
7161.80000
7163.40000
7165.00000
7166.60000
7167.80000
7169.00000
7170.20000
7171.40000
7172.80000
7175.20000
7180.40000
7182.20000
7184.00000
7185.80000
7187.40000
7432.20000
7434.20000
7435.80000
7437.00000
7437.80000
7438.60000
7439.80000
7441.00000
7441.80000
7443.00000
7444.20000
7445.40000
7446.60000
7447.80000
7449.00000
7450.20000
7451.40000
7452.20000
7453.40000
7454.20000
7455.40000
7456.40000
7457.40000
7458.20000
7459.00000
7459.80000
7461.00000
7461.80000
7462.60000
7463.80000
7464.60000
7465.40000
7466.20000
7467.00000
7468.00000
7468.80000
7469.60000
7470.40000
7471.20000
7472.20000
7473.40000
7474.60000
7475.80000
7477.00000
7478.20000
7479.40000
7480.60000
7481.40000
7482.60000
7483.40000
7484.20000
7485.00000
7485.80000
7487.00000
7487.80000
7488.60000
7489.80000
7491.00000
7492.20000
7493.40000
7494.60000
7496.20000
7497.80000
7499.40000
7500.60000
7502.20000
7503.40000
7504.60000
7505.80000
7507.00000
7507.80000
7509.00000
7510.20000
7512.00000
7513.80000
7515.60000
7517.00000
7518.60000
7519.80000
7521.00000
7522.20000
7523.40000
7524.60000
7525.80000
7527.40000
7528.60000
7529.40000
7530.60000
7531.80000
7532.60000
7533.40000
7534.20000
7535.00000
7535.80000
7537.00000
7537.80000
7539.00000
7540.20000
7541.40000
7542.60000
7543.80000
7544.60000
7545.40000
7546.20000
7547.00000
7547.80000
7548.60000
7549.40000
7550.60000
7551.80000
7553.00000
7554.20000
7555.40000
7556.60000
7557.80000
7559.00000
7560.20000
7562.00000
7564.40000
7566.20000
7567.40000
7568.60000
7570.20000
7571.80000
7573.40000
7574.60000
7575.80000
7577.00000
7578.20000
7579.40000
7580.20000
7581.00000
7582.20000
7583.40000
7584.60000
7585.80000
7587.00000
7588.20000
7590.20000
7592.20000
7593.80000
7596.20000
7599.00000
7602.20000
7605.00000
7607.00000
7610.00000
7613.40000
8268.80000
8270.60000
8272.60000
8275.00000
8277.60000
8279.40000
8280.60000
8281.80000
8283.00000
8284.20000
8285.40000
8286.60000
8287.80000
8288.60000
8289.80000
8291.00000
8292.20000
8293.40000
8294.20000
8295.00000
8295.80000
8296.60000
8297.60000
8298.80000
8300.00000
8301.20000
8302.40000
8303.20000
8304.40000
8305.60000
8306.80000
8307.60000
8308.40000
8309.60000
8310.80000
8312.00000
8313.20000
8314.40000
8315.60000
8316.80000
8318.00000
8319.20000
8320.40000
8321.60000
8322.80000
8324.00000
8325.20000
8326.80000
8328.60000
8331.00000
8332.80000
8334.40000
8336.00000
8337.60000
8339.20000
8341.60000
8343.60000
8344.80000
8346.00000
8347.20000
8348.40000
8349.20000
8350.40000
8351.00000
8351.80000
8352.60000
8353.40000
8354.20000
8355.40000
8356.60000
8357.40000
8358.60000
8359.80000
8361.00000
8362.20000
8363.40000
8365.80000
8368.60000
8371.80000
8373.60000
8376.20000
8380.20000
8383.20000
8385.00000
8387.60000
8390.00000
8392.80000
8394.20000
8395.80000
8397.00000
8398.80000
8400.60000
8402.40000
8404.20000
8405.80000
8407.40000
8409.00000
8411.00000
8412.60000
8413.80000
8415.00000
8416.00000
8417.00000
8418.00000
8418.80000
8419.60000
8420.60000
8421.80000
8422.80000
8423.60000
8424.40000
8425.20000
8426.20000
8427.40000
8428.20000
8429.00000
8429.80000
8430.40000
8431.00000
8431.80000
8432.40000
8433.00000
8433.60000
8434.20000
8435.00000
8435.80000
8436.60000
8437.40000
8438.20000
8439.00000
8439.80000
8441.00000
8442.20000
8443.80000
8446.20000
8448.20000
8451.00000
8454.40000
8457.80000
8462.20000
8465.40000
8466.80000
8468.40000
8471.40000
8476.40000
8480.00000
8483.20000
8485.20000
8487.20000
8489.20000
8491.20000
8493.20000
8494.80000
8496.00000
8496.80000
8497.80000
8498.60000
8499.40000
8500.20000
8501.00000
8502.00000
8503.20000
8504.00000
8504.80000
8505.60000
8506.40000
8507.60000
8508.80000
8510.00000
8512.40000
8527.60000
8530.20000
8532.20000
8534.00000
8535.80000
8537.00000
8538.20000
8539.40000
8540.60000
8541.80000
8543.00000
8544.60000
8545.80000
8547.00000
8548.20000
8549.40000
8550.60000
8551.60000
8552.80000
8554.00000
8555.20000
8556.40000
8557.60000
8558.40000
8559.60000
8560.80000
8562.00000
8563.20000
8564.40000
8566.40000
8568.80000
8570.80000
8572.80000
8574.40000
8576.40000
8578.40000
8581.20000
8583.60000
8585.80000
8589.00000
8603.80000
8607.20000
8610.00000
8612.00000
8614.00000
8615.60000
8617.60000
8619.60000
8621.20000
8622.80000
8624.40000
8625.60000
8626.40000
8627.20000
8628.00000
8628.80000
8629.60000
8630.40000
8631.20000
8632.00000
8632.80000
8634.00000
8634.80000
8635.80000
8637.00000
8638.20000
8639.20000
8640.40000
8642.40000
8644.40000
8646.00000
8647.20000
8648.40000
8649.60000
8650.80000
8652.00000
8653.20000
8654.40000
8655.20000
8656.00000
8656.80000
8657.60000
8658.40000
8659.20000
8659.80000
8660.40000
8661.20000
8661.80000
8662.80000
8664.00000
8665.20000
8666.20000
8667.40000
8668.20000
8669.40000
8670.20000
8670.80000
8671.60000
8672.40000
8673.00000
8673.80000
8674.60000
8675.60000
8676.40000
8677.20000
8678.00000
8679.20000
8680.40000
8681.20000
8682.00000
8682.80000
8683.60000
8684.40000
8685.20000
8685.80000
8686.80000
8687.80000
8688.60000
8689.80000
8691.00000
8692.20000
8693.80000
8695.80000
8760.20000
8765.60000
8768.20000
8769.80000
8771.20000
8773.00000
8774.80000
8776.80000
8779.20000
8781.60000
8784.00000
8786.80000
8788.60000
8790.00000
8791.20000
8792.40000
8793.60000
8794.80000
8796.00000
8797.20000
8798.40000
8799.60000
8800.80000
8802.40000
8803.60000
8805.20000
8806.40000
8807.60000
8808.80000
8809.60000
8810.80000
8811.60000
8812.60000
8813.40000
8814.20000
8815.00000
8816.20000
8817.40000
8818.60000
8819.80000
8821.00000
8822.20000
8823.40000
8824.60000
8825.80000
8827.00000
8828.20000
8829.00000
8829.80000
8830.60000
8831.40000
8832.20000
8833.40000
8834.60000
8835.80000
8837.00000
8838.20000
8839.40000
8841.00000
8842.60000
8844.60000
8915.60000
8920.40000
8924.20000
8925.80000
8927.00000
9003.60000
9005.20000
9085.80000
9087.00000
9088.20000
9089.00000
9090.20000
9091.40000
9092.60000
9093.40000
9094.20000
9095.40000
9096.60000
9097.80000
9099.00000
9100.20000
9101.40000
9102.60000
9103.80000
9104.60000
9105.80000
9107.00000
9108.20000
9109.40000
9110.60000
9112.00000
9113.60000
9116.00000
9119.80000
9159.60000
9162.80000
9167.00000
9170.60000
9172.20000
9173.80000
9175.40000
9177.80000
9179.60000
9180.80000
9181.40000
9182.00000
9182.60000
9183.20000
9183.80000
9184.40000
9185.00000
9185.60000
9186.20000
9186.80000
9187.40000
9188.00000
9188.60000
9189.20000
9189.80000
9190.40000
9191.00000
9191.60000
9192.20000
9192.80000
9193.40000
9194.00000
9194.60000
9195.20000
9195.80000
9196.40000
9197.00000
9197.60000
9198.20000
9198.80000
9199.40000
9200.00000
9200.80000
9201.40000
9201.80000
9202.40000
9203.00000
9203.60000
9204.20000
9204.80000
9205.40000
9206.00000
9207.20000
9207.80000
9208.40000
9209.00000
9209.60000
9210.20000
9212.20000
9215.00000
9217.00000
9219.00000
9221.00000
9222.60000
9223.80000
9225.00000
9226.20000
9228.20000
9230.60000
9232.40000
9234.20000
9235.80000
9237.00000
9238.20000
9239.40000
9240.60000
9241.80000
9243.00000
9244.20000
9245.40000
9246.60000
9247.80000
9249.00000
9250.20000
9251.40000
9252.60000
9253.80000
9254.60000
9255.40000
9256.60000
9257.40000
9258.20000
9259.00000
9259.80000
9260.60000
9261.40000
9262.20000
9263.00000
9263.80000
9264.40000
9265.20000
9266.00000
9266.80000
9267.60000
9268.40000
9269.20000
9270.40000
9271.60000
9272.80000
9274.00000
9275.20000
9276.00000
9276.80000
9277.60000
9278.40000
9279.20000
9280.00000
9280.80000
9281.60000
9282.40000
9283.20000
9284.00000
9284.80000
9285.60000
9286.40000
9287.20000
9288.00000
9288.80000
9289.60000
9290.40000
9291.20000
9292.00000
9293.20000
9294.20000
9295.00000
9295.80000
9296.60000
9297.40000
9298.20000
9299.40000
9300.20000
9301.40000
9302.60000
9304.20000
9307.60000
9322.20000
9325.20000
9327.20000
9707.00000
9708.20000
9709.40000
9710.60000
9711.80000
9713.00000
9714.20000
9715.40000
9716.20000
9717.00000
9717.80000
9718.60000
9719.40000
9720.20000
9720.80000
9721.40000
9722.00000
9722.60000
9723.40000
9724.00000
9724.60000
9725.20000
9726.00000
9726.80000
9727.60000
9728.80000
9730.80000
9732.60000
9734.00000
9735.20000
9736.40000
9737.60000
9738.80000
9740.00000
9740.80000
9741.60000
9742.80000
9743.60000
9744.80000
9745.60000
9746.80000
9748.00000
9749.20000
9750.40000
9751.20000
9752.40000
9753.60000
9754.80000
9756.00000
9757.20000
9758.40000
9759.20000
9760.00000
9760.80000
9761.60000
9762.40000
9763.20000
9764.40000
9765.60000
9767.00000
9769.60000
9772.80000
9775.40000
9996.00000
9997.20000
9998.40000
9999.60000
10000.80000
10002.00000
10003.20000
10004.00000
10004.80000
10005.60000
10006.40000
10007.60000
10008.40000
10009.20000
10010.00000
10010.80000
10011.40000
10012.20000
10012.80000
10013.60000
10014.20000
10014.80000
10015.40000
10016.00000
10016.60000
10017.20000
10017.80000
10018.40000
10019.00000
10019.60000
10020.40000
10021.00000
10021.80000
10022.60000
10023.80000
10025.00000
10026.20000
10027.40000
10028.60000
10029.40000
10030.20000
10031.00000
10031.60000
10032.20000
10032.60000
10033.20000
10033.60000
10034.20000
10034.60000
10035.00000
10035.60000
10036.20000
10036.80000
10037.40000
10038.00000
10038.80000
10039.40000
10040.00000
10040.80000
10041.60000
10042.40000
10043.20000
10044.00000
10044.80000
10046.00000
10047.20000
10048.80000
10051.40000
10054.00000
10056.40000
10059.40000
10061.20000
10062.40000
10063.60000
10064.40000
10065.60000
10066.80000
10068.40000
10069.60000
10070.80000
10072.00000
10073.20000
10075.20000
10076.80000
10078.00000
10079.20000
10080.40000
10082.00000
10083.20000
10084.80000
10085.60000
10086.40000
10087.20000
10088.00000
10088.80000
10089.60000
10090.60000
10091.40000
10092.20000
10093.00000
10093.80000
10094.60000
10095.40000
10096.20000
10097.00000
10097.80000
10098.80000
10099.60000
10100.40000
10101.60000
10102.40000
10103.60000
10104.80000
10106.00000
10107.20000
10108.80000
10111.60000
10116.00000
10120.00000
10122.40000
10124.40000
10126.00000
10127.20000
10128.40000
10129.60000
10130.80000
10132.00000
10133.20000
10134.40000
10135.60000
10136.80000
10138.00000
10139.20000
10140.40000
10141.60000
10142.80000
10144.00000
10145.20000
10146.40000
10147.20000
10148.40000
10149.20000
10150.00000
10151.20000
10152.00000
10152.80000
10153.40000
10154.20000
10155.40000
10156.60000
10205.60000
10207.00000
10208.20000
10210.00000
10211.60000
10212.80000
10214.00000
10215.20000
10216.00000
10216.80000
10217.60000
10218.40000
10219.20000
10220.40000
10221.20000
10222.00000
10223.20000
10224.80000
10225.60000
10226.80000
10228.00000
10228.80000
10230.00000
10231.20000
10232.80000
10234.00000
10234.80000
10236.00000
10237.20000
10238.40000
10239.60000
10240.80000
10242.00000
10243.20000
10244.40000
10245.60000
10247.60000
10285.60000
10288.60000
10291.00000
10292.60000
10497.40000
10499.80000
10749.20000
10751.20000
10752.40000
10753.60000
10754.80000
10756.00000
10756.80000
10757.60000
10758.80000
10760.00000
10760.80000
10761.40000
10762.20000
10763.00000
10763.60000
10764.20000
10765.00000
10765.60000
10766.20000
10766.80000
10767.40000
10768.20000
10769.00000
10769.60000
10770.20000
10771.00000
10771.80000
10773.00000
10773.80000
10774.60000
10775.40000
10776.00000
10776.60000
10777.40000
10778.00000
10778.60000
10779.20000
10779.80000
10780.40000
10781.00000
10781.60000
10782.40000
10783.00000
10783.60000
10784.40000
10785.20000
10785.80000
10786.40000
10787.20000
10787.80000
10788.60000
10789.60000
10790.60000
10791.40000
10792.60000
10793.40000
10794.20000
10795.00000
10795.80000
10796.60000
10797.40000
10798.20000
10799.40000
10800.60000
10802.20000
10804.00000
10805.80000
10807.80000
10809.80000
10811.60000
10813.40000
10815.40000
10818.20000
10821.00000
10823.40000
10825.20000
10827.00000
10828.80000
10830.60000
10832.40000
10834.60000
10836.20000
10837.80000
10839.00000
10840.20000
10841.80000
10843.60000
10846.00000
10848.20000
10849.80000
10851.00000
10851.80000
10852.60000
10853.40000
10854.20000
10855.00000
10855.80000
10856.60000
10857.40000
10858.20000
10859.00000
10859.80000
10860.60000
10861.40000
10862.20000
10863.00000
10864.20000
10865.40000
10866.60000
10867.40000
10868.60000
10869.80000
10871.00000
10872.20000
10873.40000
10874.60000
10875.80000
10877.00000
10878.60000
10880.80000
10882.80000
10884.60000
10885.80000
10886.60000
10887.40000
10888.20000
10889.40000
10890.20000
10890.80000
10891.40000
10892.20000
10893.40000
10894.20000
10895.00000
10896.20000
10897.40000
10898.60000
10899.80000
10901.00000
10902.20000
10903.80000
10905.00000
10907.00000
10909.40000
10911.00000
10913.00000
10913.80000
10914.60000
10915.40000
10916.20000
10917.00000
10917.80000
10918.60000
10919.80000
10921.00000
10922.20000
10923.40000
10924.60000
10926.20000
10927.80000
10929.40000
10931.00000
10932.20000
10933.40000
10935.20000
10938.20000
10939.80000
10941.40000
10942.60000
10943.80000
10945.00000
10946.60000
10947.80000
10949.00000
10950.20000
10951.40000
10953.00000
10955.00000
10956.20000
10957.40000
10958.60000
10959.80000
10961.00000
10962.20000
10963.40000
10965.40000
10967.00000
10968.60000
10971.00000
10974.00000
10977.00000
10980.60000
10985.60000
10987.80000
10989.80000
10991.40000
10993.40000
10995.40000
10997.80000
11000.20000
11002.80000
11005.60000
11008.00000
11010.40000
11012.80000
11015.40000
11017.80000
11020.60000
11023.00000
11025.00000
11026.60000
11028.60000
11030.60000
11032.60000
11034.60000
11037.00000
11039.00000
11040.20000
11041.40000
11042.60000
11043.80000
11044.60000
11045.40000
11046.60000
11047.40000
11048.20000
11049.20000
11050.00000
11050.80000
11051.60000
11052.20000
11053.00000
11053.60000
11054.20000
11054.80000
11055.60000
11056.40000
11057.60000
11059.00000
11059.80000
11060.60000
11061.20000
11061.80000
11062.60000
11063.20000
11064.40000
11065.60000
11066.80000
11067.60000
11068.40000
11069.20000
11070.00000
11070.80000
11072.00000
11073.20000
11075.80000
11083.00000
11086.00000
11087.40000
11089.00000
11205.40000
11207.20000
11209.00000
11210.80000
11212.00000
11213.20000
11214.40000
11215.60000
11216.80000
11217.60000
11218.80000
11219.60000
11220.40000
11221.60000
11222.80000
11224.00000
11225.60000
11226.80000
11227.60000
11228.40000
11229.00000
11229.80000
11230.60000
11231.40000
11232.20000
11233.00000
11233.80000
11234.60000
11235.20000
11236.00000
11236.60000
11237.20000
11237.80000
11238.60000
11239.20000
11240.00000
11241.20000
11242.40000
11244.00000
11245.60000
11246.80000
11248.00000
11249.60000
11250.80000
11251.60000
11253.20000
11255.20000
11257.20000
11258.40000
11260.00000
11261.80000
11264.20000
11268.80000
11271.60000
11274.00000
11378.20000
11379.80000
11381.00000
11382.60000
11434.20000
11435.80000
11437.40000
11438.20000
11439.00000
11439.80000
11440.40000
11441.00000
11441.60000
11442.00000
11442.60000
11443.20000
11443.80000
11444.40000
11445.20000
11446.00000
11446.60000
11447.20000
11448.00000
11449.20000
11450.40000
11451.40000
11452.20000
11452.80000
11453.40000
11454.00000
11454.60000
11455.20000
11455.80000
11456.40000
11457.20000
11457.80000
11458.40000
11459.00000
11459.60000
11460.20000
11460.80000
11461.40000
11462.20000
11462.80000
11463.40000
11464.00000
11464.60000
11465.20000
11466.00000
11466.80000
11468.00000
11469.60000
11472.40000
11476.80000
11478.80000
11481.80000
11484.20000
11485.80000
11487.40000
11488.60000
11491.00000
11493.00000
11495.80000
11500.80000
11503.80000
11507.00000
11511.00000
11513.40000
11516.60000
11521.80000
11525.80000
11531.60000
11534.60000
11537.00000
11539.80000
11541.40000
11543.40000
11545.00000
11547.00000
11548.20000
11549.40000
11550.60000
11551.80000
11553.00000
11554.20000
11555.40000
11556.60000
11557.80000
11559.00000
11560.20000
11561.80000
11563.00000
11564.20000
11565.40000
11566.60000
11568.20000
11569.00000
11569.80000
11570.60000
11571.40000
11572.40000
11573.60000
11574.80000
11576.00000
11577.60000
11579.60000
11582.00000
11586.20000
11589.40000
11711.80000
11714.00000
11715.20000
11716.40000
